
2.20102305447368
3.4476747599353925
4.311716534454769
5.663899659014869
3.5665624867913994
5.313877705437997
5.282724875551908
7.790160671068338
2.9022916485686356
3.9673156586702207
4.599039748366135
4.625201064869289
3.6785704202502254
3.7199233158840763
5.107423975946847
6.867510141264672
3.230500434142116
6.044393315800641
6.670399514020477
7.138449598221159
4.636610171890828
6.599105405834761
5.934161955209437
7.881716188009699
3.108907914865321
3.674198834835513
6.105073292755731
7.456819497246311
2.8816564420485125
4.55619708338807
6.85640647120232
8.700737777673758
3.2993297126648122
4.67579794365126
5.513815639682216
9.718856506509898
3.9921601163594618
6.4062729010098485
7.553520302900723
10.763387747293057
3.6408282094190336
6.937972904700915
10.361241548747774
10.444747206201562
3.6014671898580985
6.085671673304961
8.512258716968569
9.923271005383643
5.27377205840539
5.209151551323265
10.530596579589933
13.350218805332975
6.728783402934907
7.126711994151126
12.239093958831903
12.170447863314873
3.0289820738130455
7.163397788546474
8.88611951342755
10.583771776051304
4.169098461712942
8.921473816715203
10.189477947520952
15.907215788722255
4.860615524503023
6.5207845577948245
11.927403809356687
18.475566348903943
10.82933165320054
14.690145870279006
17.1269620585272
27.82351090558505
3.934730017764752
8.129676305268761
9.780810343977647
9.318029259722204
13.919854510348046
15.571273857143892
15.961641641511743
21.371032650378194
3.437247806168934
6.8150790308576195
12.713726279416251
16.896450195809468
7.2138374294824725
11.90409702084462
19.969077969703527
16.537380238774208
4.283413967205812
7.291200433598186
11.874568575963721
13.38950162557896
6.034608662066699
8.87495271722873
11.916187687946923
17.973107127660832
4.9372340335038185
8.922736648786609
14.559035992124896
17.469094505317035
5.271238424150065
9.042538474079
17.197817802911057
16.632061742862135
4.401590672194398
8.483683506303725
12.779416225455146
17.71539273965192
5.0612962497829175
8.211616158364544
10.080977805197543
19.984431615489026
4.271067810926127
11.027067004906728
12.992833483253913
18.248498937532567
4.107514569158133
8.944135898812785
12.688681068867451
16.232894606944775
7.995010856328519
12.235776447315546
12.668538107698017
18.648330858178827
4.997691479693632
8.955584405905137
14.761197547010331
21.637897844056713
5.510269786525201
7.373032548237932
12.303112236811419
16.149484483877323
5.873081803306488
9.575992807492733
15.458943793009183
16.85590531469942
4.250603991960611
11.098064584294924
14.008016941036518
19.685768748554093
5.193872938900713
11.998944464167094
15.686713800465073
19.20957225838709
6.948694002318312
10.977011363464015
15.199632286560835
17.49369837618266
5.393066794858354
10.446679096220906
14.311835439661536
19.386828135674946
5.2782590629795445
8.304938400642314
13.372429556562311
17.911377113142883
5.952577352526634
13.178205364978158
19.304736964183874
22.303155651664433
5.995251021781542
10.80135620067294
13.434927375158416
21.82177076297511
6.620173282348656
14.133351910517298
17.927026058816523
25.743868018803713
9.442485418985944
16.048210673176857
21.94146520178422
24.75162303637717
10.297536920685127
17.209163591418232
22.541863939809577
24.714448833638787
7.495351912373675
12.236890305650418
19.893010672832048
24.54054994997894
6.4610187426988555
15.153208395019512
18.876296518611674
22.024113611289184
5.960511442899385
14.187143539089297
17.26222825901373
20.080425505191013
7.7892098781813806
13.606115365419598
17.289942406225343
20.528038798097906
9.10767395711365
14.2213526144141
22.427094788221314
30.227130258376157
7.352310789641919
15.221944320694826
16.428217837534152
23.487169637141015
7.077331315313567
17.153787413281943
20.8178746774523
22.133365834666275
