
6.647426669649651
9.944592124603327
12.750577926013069
13.704614423016384
6.758454144148463
11.553255460744897
15.394936011876515
16.01922003138595
6.955529099498208
10.823635143951114
13.847083188175787
14.766772873883966
7.025496547825224
10.20150115588156
12.709289250157667
13.834337608027074
6.927998325788335
10.879661475326216
13.440054369117693
14.487849930152999
7.891337167423085
11.103605940246707
14.317679538884638
15.214600108220703
6.232961964240371
10.131551749908004
14.304148124414436
14.177869744584907
6.840389222130574
10.926803048665564
14.288026003556396
15.53242870088844
7.203984873163196
11.323674165782995
14.025155310580878
14.481745081046807
7.114508279613059
11.539431343113359
14.366728577097918
15.527252800869931
6.755415633245393
10.863189009307828
13.96918898199047
14.761871008531353
8.178983895673483
13.23064187149536
18.10545562577447
16.6451809287941
7.191284419047888
11.961835419115058
15.199840063855795
17.400939039377185
7.130745309076254
11.732068753856954
15.897857452033971
17.506073150720315
7.7194647178493865
11.420434334998033
13.802158646717476
14.54612519953476
6.951224928377791
11.25530200745902
14.100219287401604
14.232100415941536
6.808214804961694
11.399198323054398
15.785263691872315
17.380713430036682
5.857179996151939
10.268427390817987
13.483986510343545
14.806901478692694
6.422210265154527
11.695121126166022
14.533706603766124
15.804563503330332
7.35689619524667
12.418210255580934
15.676832678137403
17.393152410735812
6.634635896760026
10.766011525637323
15.932050428343326
15.430642731191325
7.208499468483
11.367882974490815
15.10648100832691
17.080682851873153
8.744017089428711
14.487110444240471
16.17756097919701
15.793116203742217
7.3869813132385085
11.686157759217043
15.925680672296151
15.864569006460362
9.070519671519587
14.21342280261955
16.170398220306332
15.072030005097812
7.845596742119672
12.484395659677979
16.806291656431416
17.006837550726427
7.633236497666259
11.898996673641243
15.286749167518844
15.111269717664152
8.018119808689761
12.582639827646089
16.95754082140506
18.114949220191953
9.278620055005975
14.512532285611073
16.188901738935627
15.423827964834855
9.65854592459214
14.729135783392834
17.02990815908635
16.76461494052485
7.3915541995729
12.397164084229464
16.720430170257554
16.930408404452717
8.503522688406921
14.482593271617313
15.481993238138234
16.869305123437535
7.997561192628528
13.173989220096386
16.258874329200474
16.0194877363719
8.55345427708103
12.707184795662483
17.358541207271216
17.163347511667183
8.271305178648653
13.278710975409876
16.08894289402033
15.493670821208571
9.034084123690706
14.505777300898819
17.201865392251854
16.66421033043867
7.921302734352989
13.998235531748561
17.387749894974487
19.71181061227668
9.793521262066198
15.696080343173863
19.948365086642813
19.96737251821976
8.288936800308512
13.456433774056364
17.63685688706353
18.470319617329363
8.609171090814185
15.032667353990162
16.668639913111083
16.737115469264886
9.16982522445321
14.74990623359099
19.019201038385223
17.27537011422491
9.08213336764754
14.432402478401018
17.29791510259519
16.800964285618694
7.903145533136748
13.062940254320058
17.246976739698827
19.06242205096555
9.23423572664723
13.886603289803139
19.269736243747033
18.9851312848378
9.361778612818531
14.3088391495226
17.522307455224045
17.953924297058446
9.275678843749617
15.726227489869764
21.720788247633532
19.77636411411039
11.190763658799085
16.388077449986127
19.21096218171851
17.586870459801244
8.016514026349563
15.038292800932588
19.746840370170467
18.257503353503267
11.700404391307794
17.874393118306568
21.033411018995054
19.470255719636253
10.613070765407434
16.9397198240486
20.059654364266056
18.50240281603999
12.30174139712653
18.168092886536225
20.629808544895155
17.794759804435177
10.842399248750784
17.25057579763113
19.415510539335653
21.203910777034718
9.708268601277169
16.631396118591507
20.07032794317636
19.452814965665112
8.996827865266795
15.517110920203448
18.18692525679208
19.38535216561542
9.281090080116757
16.78979414424707
19.098364457958382
19.37565796895536
11.551460872023025
15.692713368984524
19.261996533064252
15.806294415700673
9.973519543613232
16.404176861969283
19.55557935160204
17.626089171146777
8.888066461249581
14.386819619868133
18.61308795015286
18.824587703328
10.029096558667911
15.946117186916174
18.494265779535137
18.135564419460728
10.488634851517457
15.744071165171151
20.681084642756662
20.276828954749664
11.915201173860334
18.174427930161865
21.302791505844453
20.054689164693738
10.968592850622185
17.71528899514495
21.729731018163584
20.000140507344852
12.738331266088803
18.34387393465221
21.490517421303498
19.809864203911122
10.06779368429505
15.792176899486964
19.958709366290083
19.206922810445185
13.732763153143857
20.788665269777418
24.119164501125447
20.243980119129514
9.694697419425392
15.807045294333767
19.983715848544648
17.95025588088517
10.193179359131483
15.873470078785877
18.5730549086365
18.043315926804624
10.505513088703463
17.36631318028554
19.918912257553103
19.62802829139249
11.011980521995532
16.93343256464868
22.10042329834077
21.221378339439912
10.723181578749404
16.37996286179932
20.946901473525493
21.084786431387535
12.576674622615611
19.676660476845015
23.686391080029125
22.713216476264872
9.05272660128527
17.491979751319114
21.63773237604786
20.21989025380324
11.760116984828944
18.2696437026586
22.015766946569915
22.000369517339767
12.726285798767927
20.68725138329655
24.383392258063665
22.178938724973648
12.473289898284378
20.781829789324906
24.14970944557594
21.94676472208682
12.100703318657676
18.166636826302977
21.64933705907418
20.970934310340688
13.820338762452945
22.79035273136373
24.806027482466632
23.510196191488923
12.519701976370204
20.636121064380923
26.702352717918494
25.243027342411256
12.116075537979464
18.830135803062493
21.89398457366545
19.78389460912247
12.666090873099357
21.19917872233932
25.29892132646336
23.34486101280247
11.222894203385046
18.2708159740723
20.93629339270837
20.537003525410405
10.624268472406312
18.156684278015028
24.372551945932987
23.12793459173531
9.389365174082945
15.603924443784084
20.527460357677672
19.98330012164557
11.766614677621263
18.829603567725275
23.390517243512722
22.781339399877858
14.346542796847631
22.473581487372922
26.726649859190875
20.458881499955595
12.905297426698521
20.755919697352738
25.66433766677383
23.321006559285667
21.744190459340505
27.94087483378084
31.583085306738454
22.69821098979572
14.772443824091047
21.053594431255753
25.241256224311833
22.170113796670428
19.020632562649777
26.771550501046296
29.223654972898412
24.577048858424995
19.873577534847303
27.546653195833123
31.87106540752473
25.083810151897527
12.49926759669588
21.648147189052278
26.11634388474857
26.919442058098678
14.977998878924584
22.026757907721905
24.93070861015455
22.759127013528175
13.400858848167372
23.721298073312703
28.768295352153146
25.033346436314943
12.2076851540378
21.114710483468993
23.942128026275707
22.85489260149401
15.286670253667312
23.708308895486564
27.489272353284225
22.84418368817845
13.53194175905023
21.2126373848003
25.51658991667452
21.286359523153934
20.29322149710508
30.096166131481645
31.712627700189987
25.28828733426425
13.705406009570119
22.24067924986492
25.752635262431262
21.92263649047235
13.799265573301852
24.22740486894986
26.235072593421037
25.44440558425277
13.729105130819855
21.150784579073655
27.076141168592525
23.46972255361791
1.6970183680077082
2.8521844799896767
4.09841941333997
4.5545679999999455
